"cf1","cf2","cf3","cf4","cf5","cf_geral"
2.625,3,2.5,4,3.33333333333333,3.16129032258065
2.625,2.71428571428571,3,2.71428571428571,3.33333333333333,2.83870967741935
5,4.42857142857143,2.75,5,3.66666666666667,4.32258064516129
4,3.85714285714286,5,4.85714285714286,3.66666666666667,4.19354838709677
3,3.14285714285714,1.5,4.14285714285714,3.5,3.2258064516129
2.875,2.14285714285714,2,4.14285714285714,2,2.74193548387097
4.375,2.14285714285714,2.5,2.57142857142857,3.16666666666667,2.96774193548387
4.25,2.85714285714286,3.25,4.85714285714286,3.16666666666667,3.74193548387097
2.875,1.42857142857143,3,4,2.5,2.70967741935484
3.75,1.85714285714286,3.75,3.71428571428571,2.33333333333333,3.09677419354839
1.875,2.85714285714286,1.75,3.28571428571429,3.66666666666667,2.7741935483871
3.125,3.42857142857143,3.75,4.42857142857143,3.5,3.64516129032258
2.375,2.71428571428571,2.5,1.42857142857143,2.83333333333333,2.35483870967742
4.125,2,4.75,5,3,3.70967741935484
3.75,2.42857142857143,3.5,3.42857142857143,2.5,3.12903225806452
3.125,1.57142857142857,3,3.28571428571429,3,2.7741935483871
2.75,2.42857142857143,2.75,3.42857142857143,3.5,2.96774193548387
2.75,3.57142857142857,2.25,2.71428571428571,2.16666666666667,2.74193548387097
4,3.71428571428571,3.25,4.57142857142857,4.16666666666667,4.03225806451613
4.375,3,3.25,4.42857142857143,3.83333333333333,3.83870967741935
5,1,3,5,2.33333333333333,3.32258064516129
2.5,3.28571428571429,3.25,4.57142857142857,2,3.19354838709677
3.875,3.28571428571429,4.25,4.57142857142857,3.5,3.93548387096774
4.25,3,3.75,4.42857142857143,3.33333333333333,3.7741935483871
2.625,2,3.25,2.85714285714286,1.5,2.45161290322581
3.75,3.42857142857143,4,4.57142857142857,3.5,3.90322580645161
3,3.57142857142857,2.5,4.14285714285714,3,3.35483870967742
4.25,2.14285714285714,3.25,4.42857142857143,2.66666666666667,3.38709677419355
3.125,3.28571428571429,3,4.42857142857143,3.16666666666667,3.45161290322581
3.25,2.85714285714286,4,4.14285714285714,3.5,3.51612903225806
3.875,3.42857142857143,3.5,4.28571428571429,3.66666666666667,3.7741935483871
3.875,4.14285714285714,4,4.14285714285714,3.5,3.96774193548387
3,2.85714285714286,2.75,4,3.33333333333333,3.25806451612903
3.75,3,2,3.71428571428571,3.83333333333333,3.41935483870968
4,3.71428571428571,3.75,4,3.5,3.80645161290323
4.125,4.14285714285714,3.5,4.85714285714286,4.83333333333333,4.35483870967742
2.5,2.28571428571429,1.5,2.85714285714286,3.66666666666667,2.61290322580645
3.875,2.28571428571429,3.5,3.42857142857143,3.16666666666667,3.2258064516129
3.625,2.85714285714286,2.75,3.71428571428571,3,3.29032258064516
1.75,3.71428571428571,1.75,4.14285714285714,2.66666666666667,2.90322580645161
2,1.85714285714286,3.75,4.28571428571429,3,2.87096774193548
3.375,2.57142857142857,3.75,4,2.5,3.19354838709677
3.75,3,3.5,4,3.83333333333333,3.64516129032258
1.5,1.57142857142857,1.5,3.42857142857143,2.5,2.16129032258065
1.625,4,2.75,3,2.83333333333333,2.80645161290323
5,3,2.25,3.85714285714286,3,3.54838709677419
3.625,3.42857142857143,3.5,3.71428571428571,3.5,3.58064516129032
4.5,3.85714285714286,2,5,4.66666666666667,4.16129032258065
4.25,3,3.5,4.28571428571429,3.66666666666667,3.80645161290323
3.625,3.42857142857143,3.5,4,3.33333333333333,3.61290322580645
4.5,2.85714285714286,2,3.85714285714286,3.5,3.48387096774194
4.25,1.71428571428571,1.5,2.57142857142857,2.16666666666667,2.61290322580645
5,4,2.75,4.85714285714286,4.33333333333333,4.32258064516129
2.625,2.14285714285714,1.5,4.42857142857143,2.66666666666667,2.80645161290323
3.25,3.57142857142857,2.5,4.14285714285714,3.16666666666667,3.41935483870968
4.25,1.85714285714286,2.5,3.14285714285714,2.66666666666667,2.93548387096774
3.75,4.42857142857143,2,5,4.16666666666667,4
2.75,3.28571428571429,3,3.71428571428571,3.33333333333333,3.2258064516129
2,1.57142857142857,3.5,3.28571428571429,2.16666666666667,2.41935483870968
3.25,1.71428571428571,4,5,3,3.35483870967742
3.375,4.14285714285714,2.25,4.71428571428571,4.16666666666667,3.90322580645161
4.875,3.71428571428571,2.25,4.14285714285714,3.16666666666667,3.80645161290323
3.875,3.57142857142857,3.75,3.85714285714286,3.66666666666667,3.74193548387097
2.75,3.14285714285714,4,3.28571428571429,3.83333333333333,3.38709677419355
4.125,2.85714285714286,4,4,3.33333333333333,3.67741935483871
2.75,1.71428571428571,2,2.28571428571429,2.33333333333333,2.29032258064516
3.5,3,3.25,3.85714285714286,3.5,3.48387096774194
4.125,1.85714285714286,4.25,4.42857142857143,2.33333333333333,3.41935483870968
3.25,3.71428571428571,2.5,4.14285714285714,3.16666666666667,3.45161290322581
3,3,3,3,3,3
2.75,3,1.5,4.57142857142857,3.33333333333333,3.19354838709677
3.75,4,4.25,3.71428571428571,3.16666666666667,3.74193548387097
4.5,3.42857142857143,4.75,5,3.16666666666667,4.16129032258065
4.625,2.71428571428571,3.75,5,3.5,3.96774193548387
1.875,2.85714285714286,1.75,3.71428571428571,2.83333333333333,2.70967741935484
1.125,1,1.5,2.14285714285714,2.16666666666667,1.58064516129032
4.375,3.57142857142857,4,5,4.33333333333333,4.32258064516129
4,2.71428571428571,4.75,4.57142857142857,3.66666666666667,3.87096774193548
3.625,2.71428571428571,4,4.14285714285714,3.83333333333333,3.64516129032258
4.75,3.57142857142857,4,4.85714285714286,3.5,4.16129032258065
3.375,1.85714285714286,2.5,3.71428571428571,3.5,3.03225806451613
4.5,1.71428571428571,3,5,3.16666666666667,3.58064516129032
4.125,4.14285714285714,4,4.42857142857143,3.16666666666667,4
3.5,3.14285714285714,2,3,3,3
4.625,4.71428571428571,4.5,5,4,4.58064516129032
4,3.85714285714286,4,3.71428571428571,3.83333333333333,3.87096774193548
4.25,4.42857142857143,1.75,3.71428571428571,3.66666666666667,3.80645161290323
4.25,4.57142857142857,4.75,4.57142857142857,4.5,4.51612903225806
4,4.14285714285714,3.5,4.85714285714286,3.5,4.16129032258065
4.375,1.71428571428571,2.75,4.57142857142857,3.33333333333333,3.45161290322581
5,4.28571428571429,4,4.85714285714286,3.16666666666667,4.32258064516129
2.875,3.71428571428571,4.25,4.28571428571429,4.33333333333333,3.83870967741935
3.125,1.71428571428571,1.5,3.71428571428571,3.5,2.83870967741935
3.5,1.71428571428571,2.75,4.71428571428571,2.66666666666667,3.16129032258065
4.125,2.57142857142857,4.75,4.85714285714286,3.16666666666667,3.80645161290323
2.375,2.71428571428571,1.25,3.14285714285714,3.33333333333333,2.67741935483871
2.125,2.28571428571429,3.75,3.28571428571429,2.16666666666667,2.64516129032258
1.625,3.28571428571429,1,3.28571428571429,2.66666666666667,2.51612903225806
3.875,2.57142857142857,3.5,4.14285714285714,3.16666666666667,3.45161290322581
2.5,3.14285714285714,4,4.71428571428571,2.16666666666667,3.32258064516129
3.875,3.71428571428571,3,4.14285714285714,3.5,3.70967741935484
3.5,3.42857142857143,2.75,3.14285714285714,2.83333333333333,3.19354838709677
1.5,3.14285714285714,1.5,3.57142857142857,2.66666666666667,2.58064516129032
4.25,1.71428571428571,4.5,4.85714285714286,2.5,3.51612903225806
4,2.85714285714286,3.5,3.85714285714286,3.5,3.54838709677419
3.25,3.28571428571429,2.75,3.42857142857143,4.16666666666667,3.41935483870968
2.625,3.28571428571429,1.75,4,4,3.29032258064516
4,4.14285714285714,2.25,3.71428571428571,3.66666666666667,3.67741935483871
3.875,3,4,4.28571428571429,3,3.70967741935484
3.375,3.57142857142857,3.25,3,3.16666666666667,3.29032258064516
4.25,3.71428571428571,3,3.42857142857143,3.16666666666667,3.58064516129032
2.625,3.42857142857143,2,4,3.83333333333333,3.32258064516129
3.75,2.85714285714286,3.25,4.57142857142857,3.66666666666667,3.64516129032258
3.75,1.85714285714286,3.25,4.85714285714286,3.83333333333333,3.51612903225806
4,3.71428571428571,2.25,4.71428571428571,4.16666666666667,3.90322580645161
4.25,4.42857142857143,3.75,5,4.5,4.48387096774194
3.875,3.85714285714286,3.25,3.57142857142857,3.16666666666667,3.58064516129032
1.875,2.85714285714286,2,5,2.66666666666667,3
3.375,2.14285714285714,3.75,3.57142857142857,2.33333333333333,3.03225806451613
4.75,2.57142857142857,1.5,4.42857142857143,2.83333333333333,3.45161290322581
2.125,2.14285714285714,1.75,3.14285714285714,3,2.51612903225806
3.75,3.14285714285714,3,4.71428571428571,3.83333333333333,3.74193548387097
2.875,2.57142857142857,1.75,3.71428571428571,3.5,2.96774193548387
4.25,1.28571428571429,3.5,4.28571428571429,1.33333333333333,2.90322580645161
3.875,4.28571428571429,2.5,4,4,3.87096774193548
2.5,1,2,4.42857142857143,3,2.54838709677419
3.75,3.85714285714286,3.25,4,3.33333333333333,3.70967741935484
3.125,3,3,3.71428571428571,3.83333333333333,3.41935483870968
3.5,3.42857142857143,2.75,3.71428571428571,3.5,3.41935483870968
3.5,2.28571428571429,2.5,3.85714285714286,3.33333333333333,3.16129032258065
4.625,4.85714285714286,5,4.42857142857143,3.33333333333333,4.41935483870968
3.5,3.14285714285714,2.25,4.42857142857143,2.5,3.32258064516129
3.875,3.57142857142857,4.75,4.28571428571429,3.66666666666667,3.96774193548387
3.5,3.14285714285714,4.5,4.42857142857143,3.83333333333333,3.80645161290323
3.625,3,3,3.57142857142857,2.66666666666667,3.19354838709677
4.125,1.57142857142857,4,3,2.66666666666667,3
4.5,3.57142857142857,3.5,4.14285714285714,4,4
4.25,2.42857142857143,4,4.28571428571429,3.66666666666667,3.67741935483871
4.125,3.14285714285714,3.5,4.71428571428571,3.33333333333333,3.7741935483871
3.5,3.57142857142857,2.5,4.14285714285714,4,3.61290322580645
4.875,1.71428571428571,3,4.57142857142857,3.33333333333333,3.54838709677419
4.875,3.71428571428571,4.75,4.42857142857143,4.66666666666667,4.48387096774194
4.125,3.57142857142857,2.75,5,3.5,3.87096774193548
3.875,3.85714285714286,4,3.42857142857143,2.5,3.51612903225806
4.5,3.28571428571429,2.75,4.57142857142857,3.16666666666667,3.7741935483871
4.375,3.85714285714286,2.75,4.85714285714286,4.16666666666667,4.12903225806452
3,3,3,3,3,3
4.625,3.57142857142857,4.25,4.42857142857143,4.33333333333333,4.2258064516129
3.5,2.42857142857143,2.75,3.71428571428571,2.83333333333333,3.16129032258065
2.5,2.85714285714286,4,3.42857142857143,3.66666666666667,3.2258064516129
4.625,3.28571428571429,2,4.85714285714286,4.33333333333333,4
3,3.14285714285714,1.5,3.71428571428571,3,3.03225806451613
4,1.57142857142857,2.25,4.28571428571429,3.5,3.19354838709677
2.25,2.42857142857143,3.5,3,3.16666666666667,2.83870967741935
4,3.57142857142857,3,4,3.33333333333333,3.61290322580645
3,3.57142857142857,3.25,4,3,3.45161290322581
3.5,3.42857142857143,3.5,3.85714285714286,2,3.32258064516129
3.125,4,3.75,4.14285714285714,3.66666666666667,3.74193548387097
4.25,2.42857142857143,2.75,5,1.83333333333333,3.35483870967742
5,4.42857142857143,3.25,5,3.33333333333333,4.32258064516129
4.75,4.14285714285714,4.75,4.71428571428571,4,4.45161290322581
3,2.42857142857143,3.5,4,3,3.19354838709677
2.125,1.57142857142857,2,3.14285714285714,2.83333333333333,2.35483870967742
2.625,2.85714285714286,3,2.42857142857143,3.33333333333333,2.80645161290323
1.25,1,3.75,2.85714285714286,2,2.03225806451613
4.5,4.42857142857143,3,4.71428571428571,2.83333333333333,4.03225806451613
4.875,1.57142857142857,4.25,4.14285714285714,1.66666666666667,3.29032258064516
3.5,2.71428571428571,2,5,1.66666666666667,3.19354838709677
3.125,3.28571428571429,3.25,3.57142857142857,2.66666666666667,3.19354838709677
3.625,3.28571428571429,2.5,4.85714285714286,2.16666666666667,3.38709677419355
3.5,3,3.75,4.42857142857143,3.16666666666667,3.61290322580645
4,2.57142857142857,3.5,3.71428571428571,2.66666666666667,3.32258064516129
4.25,2.85714285714286,4.5,4.14285714285714,4,3.90322580645161
3.375,3.71428571428571,4,4.42857142857143,3.33333333333333,3.80645161290323
3.625,3.28571428571429,3.75,4,3.66666666666667,3.67741935483871
2.625,1.42857142857143,2,4.14285714285714,3.16666666666667,2.74193548387097
3.375,3.71428571428571,2.75,3.85714285714286,3.66666666666667,3.54838709677419
3.375,2.42857142857143,4,3.85714285714286,3,3.25806451612903
4,3.14285714285714,3.25,4.28571428571429,3.33333333333333,3.64516129032258
4.875,2.57142857142857,5,3.28571428571429,2.66666666666667,3.58064516129032
5,3.28571428571429,5,4.85714285714286,4.16666666666667,4.41935483870968
4.875,3.85714285714286,5,4.57142857142857,3.33333333333333,4.29032258064516
3.25,2.42857142857143,3.75,4.57142857142857,3.66666666666667,3.54838709677419
5,5,5,5,3,4.61290322580645
3.25,3,3,4.71428571428571,3.33333333333333,3.51612903225806
5,4.42857142857143,4,5,2.16666666666667,4.19354838709677
3.25,2.85714285714286,3.5,3.57142857142857,2.66666666666667,3.12903225806452
3.375,2.57142857142857,4,4.42857142857143,3.33333333333333,3.51612903225806
3.875,2.71428571428571,3,4.14285714285714,3.33333333333333,3.45161290322581
4,3,3.5,4,2.83333333333333,3.48387096774194
3.125,3.71428571428571,2,4.71428571428571,2.83333333333333,3.45161290322581
4.125,3.28571428571429,2,2.71428571428571,4.16666666666667,3.38709677419355
5,2.28571428571429,4,4.57142857142857,1.83333333333333,3.54838709677419
5,4.28571428571429,4,5,4.33333333333333,4.58064516129032
3.25,3.28571428571429,2.25,3,3,3
4.375,1.71428571428571,2.75,4,2.5,3.12903225806452
2.375,2.28571428571429,3.25,4.57142857142857,3.33333333333333,3.19354838709677
4.375,2.85714285714286,3.75,4.42857142857143,3.83333333333333,3.87096774193548
3.875,2.28571428571429,4.75,4.71428571428571,3.83333333333333,3.80645161290323
3,3.42857142857143,2.5,4.28571428571429,3,3.32258064516129
3.125,3.14285714285714,2,4.28571428571429,3,3.29032258064516
2.375,3.28571428571429,3.75,4.42857142857143,1.5,3.06451612903226
4.125,1.85714285714286,4.25,4.42857142857143,3.33333333333333,3.58064516129032
4.125,2.85714285714286,2.25,2.71428571428571,2.83333333333333,3.09677419354839
1.875,3.42857142857143,2.75,2.57142857142857,2.5,2.61290322580645
3.25,3,2,2.85714285714286,3.5,3
4,3.42857142857143,3.25,4.42857142857143,3.33333333333333,3.74193548387097
3.125,4,3.25,3.57142857142857,3.66666666666667,3.54838709677419
3.625,3.42857142857143,2,4,3.66666666666667,3.48387096774194
3.5,2.85714285714286,2.25,4.14285714285714,2.66666666666667,3.16129032258065
2.5,2.85714285714286,2.5,5,2.66666666666667,3.2258064516129
2.5,3.57142857142857,3.25,4.57142857142857,3.66666666666667,3.58064516129032
3.625,3.71428571428571,2.25,4.71428571428571,2.5,3.54838709677419
3,1,1.5,4.28571428571429,3,2.64516129032258
2.75,3.14285714285714,1.5,4.14285714285714,2.66666666666667,2.96774193548387
3.125,3,2.25,3.28571428571429,1.66666666666667,2.74193548387097
3.25,3.57142857142857,3.25,4.42857142857143,4,3.80645161290323
3.375,2.71428571428571,3.25,4.14285714285714,3,3.35483870967742
3.5,2.28571428571429,3.5,4,3.83333333333333,3.41935483870968
4,4.14285714285714,2.5,4.57142857142857,3.83333333333333,3.96774193548387
3.625,2.85714285714286,3.25,5,3,3.64516129032258
4.5,3.85714285714286,4.75,4.42857142857143,3.33333333333333,4.12903225806452
3.875,3.57142857142857,3.25,4.14285714285714,4.5,3.93548387096774
2.875,2.14285714285714,3.25,4.14285714285714,2.83333333333333,3.06451612903226
3,3.85714285714286,1.75,4.71428571428571,3.66666666666667,3.54838709677419
3.625,3.42857142857143,4,3.57142857142857,3.33333333333333,3.58064516129032
3.875,3.71428571428571,4,5,4.33333333333333,4.19354838709677
4.25,3,4,4.28571428571429,3.83333333333333,3.87096774193548
4.125,4,3.75,5,3.5,4.12903225806452
1.625,3.57142857142857,2,2.71428571428571,4,2.83870967741935
3.875,4.28571428571429,3,4,3.83333333333333,3.90322580645161
1.375,2.71428571428571,1.25,2.28571428571429,2.66666666666667,2.12903225806452
4.25,3.71428571428571,3.75,4.71428571428571,3.83333333333333,4.09677419354839
4.625,4.14285714285714,4.75,5,5,4.70967741935484
5,3.57142857142857,5,4.71428571428571,3.33333333333333,4.29032258064516
4,2.28571428571429,3.25,3.14285714285714,3.33333333333333,3.19354838709677
3.875,4.14285714285714,3.5,3.85714285714286,3.66666666666667,3.83870967741935
3.875,2.57142857142857,4.25,4.14285714285714,3.16666666666667,3.58064516129032
2,2.14285714285714,2.5,3,2.83333333333333,2.51612903225806
3.375,3.14285714285714,2.5,4.14285714285714,2.66666666666667,3.25806451612903
4.375,4,4.25,4.57142857142857,3.66666666666667,4.16129032258065
1.75,3.42857142857143,1.75,3,2.66666666666667,2.54838709677419
1.75,2.42857142857143,2.5,3,3,2.51612903225806
4.625,3.71428571428571,4.75,4.14285714285714,3.33333333333333,4.06451612903226
4.25,4,2.5,4.42857142857143,4.5,4.03225806451613
4,4.14285714285714,3.75,4.42857142857143,3.66666666666667,4.03225806451613
3.5,4.57142857142857,3,4.85714285714286,4,4.09677419354839
3.75,3.85714285714286,3.25,3.71428571428571,3.5,3.67741935483871
2.375,2.28571428571429,3.25,3.14285714285714,2,2.54838709677419
3.5,2.57142857142857,2.25,3.57142857142857,2.66666666666667,3.03225806451613
4.5,3.85714285714286,4.5,4.57142857142857,4.5,4.38709677419355
2.125,3,2.5,3.28571428571429,2.5,2.70967741935484
3.625,3.28571428571429,2.75,3,3.33333333333333,3.25806451612903
4.5,1.57142857142857,2,4.28571428571429,4,3.38709677419355
3.375,3,2.5,3.85714285714286,3.5,3.32258064516129
2.875,3.42857142857143,3.75,3.42857142857143,3,3.29032258064516
3,3.71428571428571,3.25,3.42857142857143,3.66666666666667,3.41935483870968
4.375,3.85714285714286,3.75,2.71428571428571,2.66666666666667,3.51612903225806
4,4.28571428571429,4.25,4,3,3.90322580645161
4.375,3.42857142857143,3.75,4.57142857142857,4,4.06451612903226
3.75,2.42857142857143,3.75,3,3,3.16129032258065
1.875,2.28571428571429,1.75,3.57142857142857,2,2.38709677419355
3,3.14285714285714,2.75,4.57142857142857,2.33333333333333,3.2258064516129
3.5,2.28571428571429,4.5,4,2.83333333333333,3.35483870967742
3,2.42857142857143,3.75,4.28571428571429,2.5,3.16129032258065
3.5,4.14285714285714,3,4.71428571428571,3.66666666666667,3.90322580645161
2.375,1.85714285714286,4.25,4,2.83333333333333,2.93548387096774
3,3.57142857142857,1.75,4,3.83333333333333,3.38709677419355
4,3.57142857142857,3.25,3.85714285714286,3.5,3.70967741935484
3.375,3,2,3.57142857142857,3.16666666666667,3.16129032258065
3.25,2.85714285714286,3,3.71428571428571,3.33333333333333,3.25806451612903
4.5,3.57142857142857,4.25,3.71428571428571,3.66666666666667,3.93548387096774
5,2.14285714285714,4,5,3,3.83870967741935
2.125,3.71428571428571,2.25,3.71428571428571,3.16666666666667,3.06451612903226
3.5,3.28571428571429,4,3.71428571428571,2.83333333333333,3.41935483870968
3.25,2,2.75,4.14285714285714,2.16666666666667,2.96774193548387
2.125,2.28571428571429,1,4.28571428571429,3.83333333333333,2.87096774193548
3.5,3.57142857142857,4.25,4.28571428571429,4,3.90322580645161
3.375,2.28571428571429,2.75,3.57142857142857,3.83333333333333,3.19354838709677
3.125,3.28571428571429,2.25,4.71428571428571,3.83333333333333,3.51612903225806
4.375,2.57142857142857,3,4.42857142857143,2.83333333333333,3.54838709677419
3.875,2.14285714285714,2,4.71428571428571,3.66666666666667,3.35483870967742
2.75,3,3,3.28571428571429,2,2.83870967741935
3.875,4.14285714285714,2.5,2.42857142857143,3.83333333333333,3.45161290322581
3.875,3.42857142857143,1.75,4.42857142857143,3,3.45161290322581
3.375,1.42857142857143,2,3.57142857142857,2.83333333333333,2.70967741935484
3.5,3.71428571428571,4.25,4.14285714285714,2.83333333333333,3.67741935483871
4.875,5,5,5,4.5,4.87096774193548
4.625,4.28571428571429,4,5,4,4.41935483870968
4.625,4.42857142857143,4.75,4.71428571428571,4.5,4.61290322580645
3.625,3.42857142857143,4.25,4.42857142857143,2.66666666666667,3.64516129032258
3.75,2.28571428571429,3,4.14285714285714,2.66666666666667,3.19354838709677
4.625,4.28571428571429,3.75,5,4.33333333333333,4.48387096774194
4,2.57142857142857,4.5,4.42857142857143,2.66666666666667,3.58064516129032
5,2.85714285714286,5,5,3,4.12903225806452
3.125,3.42857142857143,3.25,4,3.16666666666667,3.41935483870968
5,4.42857142857143,4,5,4.16666666666667,4.58064516129032
3.75,4.57142857142857,3.5,4.14285714285714,3.16666666666667,3.90322580645161
5,3.85714285714286,4.5,4.42857142857143,5,4.54838709677419
2.75,2.42857142857143,2.25,2,3.16666666666667,2.54838709677419
3.125,4,3,4,4,3.74193548387097
1.5,1.71428571428571,3,4.14285714285714,2.33333333333333,2.51612903225806
3.625,4.28571428571429,3.75,4.85714285714286,3.83333333333333,4.12903225806452
1.125,1.71428571428571,2,1.85714285714286,2.5,1.80645161290323
3.5,2.71428571428571,3,4,3.66666666666667,3.41935483870968
4.125,3.71428571428571,2.5,5,3.83333333333333,4
3.25,3.85714285714286,3.75,4,3.66666666666667,3.74193548387097
4.25,4.71428571428571,2.5,4.71428571428571,3,4.03225806451613
4.25,2.57142857142857,2,4.28571428571429,3.83333333333333,3.51612903225806
2.625,1.71428571428571,2.5,4.71428571428571,3.83333333333333,3.16129032258065
3.125,1.42857142857143,2.75,4.28571428571429,2.5,2.83870967741935
3,3.42857142857143,4.25,4,2.66666666666667,3.41935483870968
2.5,1.57142857142857,3,2.57142857142857,2.83333333333333,2.41935483870968
4,4.71428571428571,3,4.28571428571429,4.16666666666667,4.12903225806452
4.5,4.14285714285714,4.25,4.57142857142857,3.83333333333333,4.29032258064516
4,4.71428571428571,3.75,4.28571428571429,3.66666666666667,4.16129032258065
4.125,4.57142857142857,3,3.85714285714286,3.66666666666667,3.96774193548387
3.5,4.85714285714286,3.75,4,4,4.03225806451613
2.375,1.14285714285714,1.75,4,3.83333333333333,2.70967741935484
1.25,1,3,2.14285714285714,2.33333333333333,1.83870967741935
4.25,2.42857142857143,2,4.71428571428571,3.5,3.54838709677419
4.125,4.14285714285714,4.25,4.42857142857143,3.83333333333333,4.16129032258065
4.375,3.28571428571429,4.25,5,4,4.19354838709677
3,3,3,3,3,3
3.75,2.71428571428571,5,4.57142857142857,2.83333333333333,3.64516129032258
4.25,3,3.25,4.71428571428571,4.16666666666667,3.93548387096774
4,3.71428571428571,4,4,3,3.74193548387097
3.5,3.14285714285714,3.5,3.57142857142857,3.5,3.41935483870968
3.25,3.85714285714286,3.75,3.85714285714286,3.66666666666667,3.67741935483871
4.625,4,3.25,4.42857142857143,4.33333333333333,4.2258064516129
3.25,3.28571428571429,3.25,3.42857142857143,3.5,3.35483870967742
4.125,3,4.25,4,3.66666666666667,3.7741935483871
4.75,3.57142857142857,5,5,3.5,4.32258064516129
2.625,2.42857142857143,1.75,3.71428571428571,3.66666666666667,2.93548387096774
3.375,3.42857142857143,3.25,3.85714285714286,3.33333333333333,3.48387096774194
4.375,3.14285714285714,2.5,4.71428571428571,3.5,3.7741935483871
3.875,3.28571428571429,3.25,4.57142857142857,3.33333333333333,3.70967741935484
2.75,2.42857142857143,3,3.85714285714286,2.33333333333333,2.87096774193548
4.375,3.85714285714286,3.75,4.14285714285714,3.5,3.96774193548387
4.625,3.57142857142857,3.25,3.71428571428571,3,3.70967741935484
3.875,2.71428571428571,4.75,2.85714285714286,2,3.12903225806452
5,4.85714285714286,5,5,4.16666666666667,4.80645161290323
3.375,3.57142857142857,2.5,4.71428571428571,3,3.54838709677419
3,1.57142857142857,2.25,3.42857142857143,2.5,2.64516129032258
4.625,4,3.25,4,3.66666666666667,3.96774193548387
1.875,1.71428571428571,1.5,2.85714285714286,2.83333333333333,2.2258064516129
3.25,3.71428571428571,4.25,3.85714285714286,3.83333333333333,3.74193548387097
3.75,3.42857142857143,4.25,4.28571428571429,3.16666666666667,3.7741935483871
2.625,3.42857142857143,3,3,2.66666666666667,2.96774193548387
4.25,3,1.75,4.57142857142857,2.66666666666667,3.45161290322581
3,4.42857142857143,2,4.42857142857143,3,3.58064516129032
4.375,4,4,4.28571428571429,3.5,4.06451612903226
4.5,4.42857142857143,3.25,4.85714285714286,3.83333333333333,4.29032258064516
3.875,3.28571428571429,4,3.71428571428571,2.33333333333333,3.41935483870968
4,4,3.5,4.42857142857143,3.66666666666667,3.96774193548387
4.875,4.57142857142857,4.5,4.42857142857143,4.5,4.58064516129032
3.625,1.42857142857143,2,4.57142857142857,1.66666666666667,2.7741935483871
1.875,1.42857142857143,1.75,3.71428571428571,1.66666666666667,2.12903225806452
2.25,3.42857142857143,2.75,3.57142857142857,3.66666666666667,3.19354838709677
2.125,2,2.75,4.42857142857143,2.66666666666667,2.83870967741935
3.125,2.71428571428571,2.5,4.71428571428571,2.83333333333333,3.25806451612903
3.25,3.85714285714286,2.75,3.28571428571429,2.66666666666667,3.2258064516129
3.625,3.57142857142857,3,3.71428571428571,3.66666666666667,3.58064516129032
3.875,3.71428571428571,3.5,4.85714285714286,3.66666666666667,3.96774193548387
2,2.85714285714286,2.5,4,3,2.93548387096774
4,3.85714285714286,3.5,3.71428571428571,3.5,3.74193548387097
2.5,2.28571428571429,1.5,2.85714285714286,3,2.51612903225806
4.5,4.85714285714286,4.75,4.71428571428571,5,4.74193548387097
2.5,4.14285714285714,3.75,4,2.66666666666667,3.35483870967742
2.625,2.71428571428571,2.75,3.14285714285714,3,2.87096774193548
2,2.71428571428571,2.25,2.71428571428571,3.33333333333333,2.58064516129032
5,5,5,4.71428571428571,5,4.93548387096774
4,3.42857142857143,3.5,4.85714285714286,3.16666666666667,3.83870967741935
4.25,3.85714285714286,4,3.71428571428571,3.83333333333333,3.93548387096774
2.375,3,2.25,3.14285714285714,3.33333333333333,2.80645161290323
4.25,4.71428571428571,3.5,4.42857142857143,3.5,4.12903225806452
3.625,2.57142857142857,3,4.14285714285714,3.33333333333333,3.38709677419355
1.875,3.14285714285714,1.25,3.14285714285714,3.5,2.67741935483871
3.25,3.85714285714286,2.5,4.28571428571429,3.66666666666667,3.61290322580645
3.875,3.85714285714286,3.75,3.85714285714286,4,3.83870967741935
3.125,3.14285714285714,3,3,3.5,3.16129032258065
3.25,2.71428571428571,3.5,3.71428571428571,3.83333333333333,3.38709677419355
2.875,3,3,3.42857142857143,2.5,2.96774193548387
4,2.71428571428571,4,3.57142857142857,2.33333333333333,3.29032258064516
3,2.28571428571429,3.75,3.85714285714286,3.5,3.25806451612903
2.75,2.85714285714286,2.75,4.42857142857143,4.16666666666667,3.45161290322581
4.375,4.28571428571429,3.5,4.71428571428571,2.66666666666667,4
4.75,4.14285714285714,4.75,5,4.33333333333333,4.61290322580645
3.875,2.42857142857143,3.25,4,3,3.38709677419355
4.5,2.14285714285714,4.75,5,4.83333333333333,4.19354838709677
2.875,1.28571428571429,3.25,3.85714285714286,2.33333333333333,2.67741935483871
2.625,2.71428571428571,2,3.14285714285714,3.16666666666667,2.83870967741935
3.125,2.85714285714286,3.75,4,3.16666666666667,3.35483870967742
4.25,3.42857142857143,4,4.14285714285714,3.83333333333333,3.93548387096774
3.875,3.42857142857143,4,4.28571428571429,3.33333333333333,3.74193548387097
2.125,4.14285714285714,2.75,4.28571428571429,3.5,3.45161290322581
3.875,3.71428571428571,3,3.85714285714286,3.33333333333333,3.64516129032258
3.25,3.14285714285714,2.25,3.85714285714286,4,3.41935483870968
3.75,4.14285714285714,4.75,4.28571428571429,3.33333333333333,4
2.5,2.57142857142857,3,4,2.83333333333333,2.96774193548387
3.125,3.42857142857143,2.5,4,2.66666666666667,3.2258064516129
1.25,2.14285714285714,1,3.85714285714286,2.5,2.25806451612903
3.5,3,2.75,4.28571428571429,3.83333333333333,3.54838709677419
4.5,3.57142857142857,4.5,5,4,4.29032258064516
3.375,2.71428571428571,3.75,4,3,3.35483870967742
2.375,2.85714285714286,4,3.28571428571429,2.66666666666667,2.96774193548387
4.75,3.14285714285714,4.25,4.28571428571429,3.16666666666667,3.90322580645161
4.875,3.71428571428571,3.25,5,3.66666666666667,4.19354838709677
2.875,3.42857142857143,3.5,3.28571428571429,3.16666666666667,3.25806451612903
4.375,3.85714285714286,4.25,3,3.16666666666667,3.70967741935484
2.625,3,3,4.14285714285714,2.5,3.09677419354839
3.25,3,2.5,3.28571428571429,3.66666666666667,3.19354838709677
3.625,4,4.75,4.28571428571429,3,3.87096774193548
3.625,3.14285714285714,3,3.71428571428571,3.33333333333333,3.38709677419355
4.375,1.57142857142857,2.75,5,2.83333333333333,3.38709677419355
3.375,3.42857142857143,3.5,3.85714285714286,2.83333333333333,3.48387096774194
3.25,2.71428571428571,3.25,3.57142857142857,2.66666666666667,3.09677419354839
3.25,3.71428571428571,4.5,4.71428571428571,3.33333333333333,3.87096774193548
3.75,3.14285714285714,3.5,3.57142857142857,3,3.41935483870968
3.5,3.14285714285714,2.5,4.42857142857143,4,3.58064516129032
4.75,5,4,4.71428571428571,2.66666666666667,4.29032258064516
4.375,4.42857142857143,3,4.57142857142857,3.5,4.12903225806452
4.25,4.71428571428571,3.25,4.71428571428571,4.66666666666667,4.41935483870968
4.25,3.57142857142857,3.25,3.85714285714286,3.83333333333333,3.80645161290323
3.625,4.42857142857143,3.25,3.71428571428571,3.16666666666667,3.64516129032258
3.875,4.85714285714286,3,5,4.5,4.32258064516129
4.375,3.28571428571429,3,4.57142857142857,3,3.74193548387097
3.375,2.42857142857143,3.5,3.85714285714286,2.33333333333333,3.16129032258065
3.125,3.14285714285714,3,3,3.16666666666667,3.09677419354839
3.625,2.71428571428571,4,4.42857142857143,3.66666666666667,3.61290322580645
4.5,4.85714285714286,3.75,4.85714285714286,3.66666666666667,4.41935483870968
3.375,4.71428571428571,3.5,3.85714285714286,3.83333333333333,3.90322580645161
2.625,3.42857142857143,1.25,4.42857142857143,3.83333333333333,3.29032258064516
2.75,2.85714285714286,3.25,4.14285714285714,3.66666666666667,3.32258064516129
1.625,4,1.75,4.71428571428571,4.66666666666667,3.48387096774194
4,3.85714285714286,4,3.71428571428571,3.5,3.80645161290323
4.75,4,3.75,4.28571428571429,3.83333333333333,4.19354838709677
3,4.14285714285714,3.75,4.28571428571429,3.83333333333333,3.83870967741935
3.625,3.85714285714286,2,3.57142857142857,4,3.54838709677419
3.625,2,3.25,3.57142857142857,2.66666666666667,3.03225806451613
3.375,1.85714285714286,2.5,3.28571428571429,2.16666666666667,2.67741935483871
4.5,5,5,5,3.33333333333333,4.54838709677419
3.125,4,2.5,4,4,3.61290322580645
4,3.85714285714286,4,4.28571428571429,4.5,4.12903225806452
4.625,3.28571428571429,3.75,4.28571428571429,3.66666666666667,3.96774193548387
4.375,4.71428571428571,3.75,4.71428571428571,4.5,4.48387096774194
3.75,3.28571428571429,3.25,4.42857142857143,3.33333333333333,3.67741935483871
2.5,1.85714285714286,1.75,4.71428571428571,3.5,3
4.25,3.85714285714286,3.75,4.28571428571429,4,4.06451612903226
3.625,3.28571428571429,1.5,4.28571428571429,3.83333333333333,3.48387096774194
3,3.85714285714286,4,4.42857142857143,1.66666666666667,3.41935483870968
2.875,3.71428571428571,2.5,3.71428571428571,3.16666666666667,3.29032258064516
3.125,3,2.25,3.57142857142857,3.16666666666667,3.06451612903226
3.75,2.57142857142857,1.75,4.42857142857143,2.33333333333333,3.12903225806452
2.125,3.42857142857143,1.5,4.28571428571429,1.5,2.74193548387097
5,4.42857142857143,5,5,4.33333333333333,4.74193548387097
3.625,1.71428571428571,4,3.85714285714286,3,3.19354838709677
1.75,3,3.75,2.85714285714286,2.16666666666667,2.58064516129032
2,1.85714285714286,2,3.42857142857143,2,2.29032258064516
3.125,3,4,4,2.33333333333333,3.2258064516129
4.25,3.57142857142857,3.5,4.57142857142857,3.5,3.93548387096774
3.25,1.57142857142857,4.75,5,3,3.38709677419355
3.5,3.85714285714286,2.5,4.28571428571429,3.16666666666667,3.61290322580645
1.625,3.28571428571429,2.5,4.85714285714286,4.16666666666667,3.35483870967742
4,2.71428571428571,4,4.42857142857143,3.66666666666667,3.74193548387097
4.625,5,4.5,4.57142857142857,4.16666666666667,4.58064516129032
3.5,3,2.75,3.57142857142857,3.33333333333333,3.29032258064516
3.875,3.57142857142857,2.5,3.42857142857143,4,3.54838709677419
2.875,2,2.25,4.14285714285714,2.5,2.80645161290323
3.375,2.57142857142857,1.75,3,3.66666666666667,2.93548387096774
4.625,3.42857142857143,4.5,4.85714285714286,4,4.25806451612903
4.75,3.57142857142857,4.25,5,3.16666666666667,4.2258064516129
4.5,4.28571428571429,4.75,5,4.16666666666667,4.54838709677419
2.5,2.71428571428571,3,2.14285714285714,2.66666666666667,2.58064516129032
4.75,1.42857142857143,3,4.14285714285714,2.33333333333333,3.19354838709677
4.875,3.14285714285714,2,4,2.5,3.45161290322581
3.625,2.28571428571429,3,3.42857142857143,4,3.32258064516129
3.875,4.28571428571429,3.25,4.28571428571429,3.5,3.93548387096774
1.625,4.42857142857143,2.25,4.57142857142857,3,3.29032258064516
4.375,2.57142857142857,4.75,4.71428571428571,4,4.03225806451613
2.125,2.42857142857143,3,4.42857142857143,3,3
4,3,4,3.57142857142857,3.5,3.58064516129032
5,2.14285714285714,3.5,3.71428571428571,3.66666666666667,3.61290322580645
5,4.14285714285714,4.75,4.71428571428571,3.83333333333333,4.48387096774194
2.75,2.71428571428571,3.5,4.57142857142857,3,3.35483870967742
4,2.57142857142857,3.75,4,2.33333333333333,3.35483870967742
3.875,3.71428571428571,1.75,4.42857142857143,3.5,3.64516129032258
4.875,4.28571428571429,3.75,4.57142857142857,3.5,4.25806451612903
5,4.14285714285714,5,4.42857142857143,3.5,4.38709677419355
3.25,3.14285714285714,2.5,3.71428571428571,3.5,3.32258064516129
3.25,3,4.25,4.71428571428571,3.66666666666667,3.7741935483871
4.25,4,2.5,4.71428571428571,3.5,3.96774193548387
3.375,3.28571428571429,2.25,5,3.66666666666667,3.67741935483871
3.375,3.14285714285714,3.5,3.85714285714286,3.16666666666667,3.41935483870968
1.75,1.57142857142857,1.5,4.85714285714286,3.33333333333333,2.70967741935484
4.375,2.42857142857143,4,3.71428571428571,3.83333333333333,3.67741935483871
3.625,2.42857142857143,4.25,4,3.66666666666667,3.54838709677419
3.25,2.85714285714286,3.25,3.85714285714286,2.33333333333333,3.12903225806452
3.75,4.28571428571429,4.25,4,4.16666666666667,4.06451612903226
4,3.71428571428571,2,4.28571428571429,3.5,3.64516129032258
3.875,2.57142857142857,3.75,4.28571428571429,3.33333333333333,3.54838709677419
3.625,3.42857142857143,3,3.42857142857143,3.5,3.45161290322581
4.75,4.28571428571429,3.25,4.85714285714286,4.16666666666667,4.38709677419355
3.75,3.85714285714286,3.25,4.28571428571429,3.5,3.7741935483871
4.5,3.28571428571429,4.75,4.14285714285714,4,4.06451612903226
3.875,3.42857142857143,3.75,4.85714285714286,3,3.87096774193548
4.5,2.71428571428571,2.5,5,3.83333333333333,3.80645161290323
3.875,3.71428571428571,3.5,3.42857142857143,4.16666666666667,3.74193548387097
4.75,3.57142857142857,2.75,4.42857142857143,4,4
2.875,2.14285714285714,2.75,3.57142857142857,3.5,3
3.375,2.71428571428571,2.25,4.42857142857143,3.33333333333333,3.35483870967742
3.5,3.42857142857143,3.75,3.42857142857143,2.83333333333333,3.41935483870968
4.5,3.42857142857143,4.5,4.85714285714286,4.16666666666667,4.32258064516129
3.25,4.71428571428571,3.75,3.71428571428571,3.83333333333333,3.93548387096774
4,4.28571428571429,3,5,4.16666666666667,4.2258064516129
3,3.14285714285714,3,3.14285714285714,3,3.06451612903226
2.5,2.85714285714286,2,5,3.16666666666667,3.25806451612903
2.625,3.85714285714286,2.5,3.71428571428571,3.66666666666667,3.35483870967742
3.625,3.71428571428571,2,4.85714285714286,4,3.7741935483871
3.125,2.85714285714286,2,4.57142857142857,2.83333333333333,3.25806451612903
1.625,3,1.25,5,3.83333333333333,3.09677419354839
4.75,4.28571428571429,2.25,5,3.83333333333333,4.19354838709677
4,2.85714285714286,3.75,4.71428571428571,3.16666666666667,3.70967741935484
4.25,2.85714285714286,4.5,3.57142857142857,2.16666666666667,3.45161290322581
3.875,3,4.5,4.14285714285714,3.16666666666667,3.70967741935484
4.25,3,3.25,4.85714285714286,3.33333333333333,3.80645161290323
4.5,2.42857142857143,2.75,4.42857142857143,3.33333333333333,3.58064516129032
4.125,4.42857142857143,3.75,4.42857142857143,4.5,4.32258064516129
3.125,2.42857142857143,1.25,4.71428571428571,2.83333333333333,3.09677419354839
4.75,4.42857142857143,4.5,3.71428571428571,3.83333333333333,4.2258064516129
4.5,4.71428571428571,4.25,4.14285714285714,4.5,4.41935483870968
4.625,4.42857142857143,3.75,4,4,4.2258064516129
4.125,3.85714285714286,2.75,4.57142857142857,4,3.93548387096774
3.375,3.57142857142857,3.75,4.28571428571429,3.66666666666667,3.70967741935484
3.125,2.57142857142857,4,4.42857142857143,3,3.38709677419355
3.375,3,2.75,3.71428571428571,3,3.2258064516129
3.75,3.71428571428571,3.5,4.71428571428571,4.33333333333333,4.12903225806452
3.125,2.57142857142857,4.5,3.85714285714286,3.83333333333333,3.48387096774194
4.875,3.71428571428571,4.25,4.85714285714286,3.66666666666667,4.29032258064516
4.375,3.14285714285714,4.25,4.28571428571429,3.83333333333333,3.96774193548387
4.875,4.28571428571429,4.5,5,3.83333333333333,4.51612903225806
4.875,3.85714285714286,4.75,4.85714285714286,4.16666666666667,4.48387096774194
4.125,3,3.75,3.85714285714286,3.33333333333333,3.64516129032258
4.125,4.42857142857143,3.75,4.71428571428571,3.16666666666667,4.09677419354839
3.5,2.57142857142857,2.75,3.57142857142857,3,3.12903225806452
2.5,3,2.5,3.28571428571429,3.33333333333333,2.96774193548387
3.25,3.28571428571429,2.75,3.71428571428571,3.83333333333333,3.41935483870968
3.75,2.85714285714286,2,3.71428571428571,2.5,3.06451612903226
2.625,3.28571428571429,2,3.14285714285714,3.16666666666667,2.90322580645161
3.375,2.85714285714286,2.75,3.71428571428571,3.5,3.25806451612903
3.625,4,3.25,3.85714285714286,3.16666666666667,3.64516129032258
4.875,3.14285714285714,3,3.42857142857143,3.5,3.67741935483871
3.75,3.28571428571429,3,3.42857142857143,3.66666666666667,3.41935483870968
3.875,3.85714285714286,4,4.14285714285714,3.83333333333333,3.96774193548387
4.25,4.14285714285714,4.5,4.85714285714286,4.16666666666667,4.38709677419355
2.625,2.71428571428571,3.25,2.85714285714286,2.33333333333333,2.74193548387097
2.75,2.42857142857143,1.75,3,2.83333333333333,2.67741935483871
3.625,3.28571428571429,3,4,3,3.45161290322581
4.125,3.85714285714286,2.5,4.57142857142857,3.83333333333333,3.96774193548387
3.375,3.28571428571429,3.5,3,3,3.2258064516129
4.25,3.57142857142857,3.75,4.42857142857143,4.5,4.16129032258065
4,3.71428571428571,3.5,4.14285714285714,4.33333333333333,3.96774193548387
2.375,3,2,3,2.33333333333333,2.61290322580645
3.5,3.28571428571429,2.75,3.57142857142857,3.33333333333333,3.35483870967742
2.875,2.71428571428571,3,3.42857142857143,3.33333333333333,3.06451612903226
5,3.57142857142857,3.25,4.14285714285714,3.16666666666667,3.90322580645161
2.5,3,3.25,3.42857142857143,3,3
3,2.71428571428571,1.75,3,2.5,2.67741935483871
5,4.85714285714286,4.5,5,4.83333333333333,4.87096774193548
3.75,3.14285714285714,3.75,3.57142857142857,3.5,3.51612903225806
1.875,2,2,2.57142857142857,2,2.12903225806452
4.5,3.14285714285714,3,4.42857142857143,3,3.67741935483871
4.125,3.85714285714286,3,4.14285714285714,3.66666666666667,3.83870967741935
3.5,2.57142857142857,3.25,4.42857142857143,2.66666666666667,3.32258064516129
4.5,4.28571428571429,5,4.85714285714286,3.33333333333333,4.35483870967742
5,4,5,5,3.66666666666667,4.51612903225806
2.875,2.85714285714286,1.75,3.57142857142857,4,3.12903225806452
4.25,2.42857142857143,2.75,4.71428571428571,3.16666666666667,3.58064516129032
3,3.71428571428571,2.75,3.71428571428571,3.5,3.38709677419355
4.625,4.14285714285714,4.75,4.71428571428571,3.5,4.35483870967742
2.125,2.28571428571429,2.25,3,2.33333333333333,2.41935483870968
2.25,2,3.5,4,2.66666666666667,2.83870967741935
1.75,2.14285714285714,4,4.85714285714286,3.66666666666667,3.2258064516129
4.25,3.42857142857143,2,4.57142857142857,3.5,3.67741935483871
4.5,2,4.5,5,4.5,4.03225806451613
3.5,3.28571428571429,3.5,4.14285714285714,3,3.51612903225806
4.75,4,3.25,4.71428571428571,3.16666666666667,4.06451612903226
2.5,2.14285714285714,2.5,4.14285714285714,2,2.67741935483871
3.25,2.85714285714286,2.5,3.42857142857143,2.83333333333333,3.03225806451613
2.5,3,2,3.42857142857143,3.5,2.96774193548387
3.75,3.28571428571429,2.25,4.28571428571429,3.83333333333333,3.58064516129032
4,2.71428571428571,3.25,3,3.33333333333333,3.25806451612903
3.375,1.57142857142857,2.25,3.57142857142857,4,2.96774193548387
2.625,2.71428571428571,2.75,2.71428571428571,2.66666666666667,2.67741935483871
3.875,3.42857142857143,3.5,4.71428571428571,3.66666666666667,3.87096774193548
4.75,3,4.5,4.85714285714286,3.33333333333333,4.06451612903226
3.875,2.85714285714286,4,4.71428571428571,3.5,3.80645161290323
3.125,2.42857142857143,4.25,3.57142857142857,3.83333333333333,3.35483870967742
2.75,3.57142857142857,1.75,5,3.5,3.45161290322581
3.375,4.42857142857143,4,4.14285714285714,2.66666666666667,3.74193548387097
3,3,3,3,3,3
1.75,1.42857142857143,1.25,4.28571428571429,1.66666666666667,2.19354838709677
3.375,3.57142857142857,4,2.71428571428571,3.16666666666667,3.29032258064516
4.25,5,5,4.85714285714286,2.5,4.29032258064516
2.25,2.85714285714286,1.75,4.14285714285714,3.16666666666667,2.96774193548387
4.625,3,4,5,3.16666666666667,3.96774193548387
2.25,2.28571428571429,3,4.14285714285714,2.83333333333333,2.87096774193548
3.625,3.71428571428571,3,4.42857142857143,4,3.83870967741935
4.25,4.28571428571429,2.25,4.14285714285714,4.83333333333333,4.09677419354839
3.25,3,3,4.28571428571429,3.33333333333333,3.41935483870968
4.5,4.42857142857143,4,4.42857142857143,3.5,4.19354838709677
3.375,3.14285714285714,4.75,4.85714285714286,2.16666666666667,3.58064516129032
2.75,1.71428571428571,2,3.28571428571429,3,2.61290322580645
2.75,2.57142857142857,3,4.57142857142857,3.83333333333333,3.38709677419355
2.875,3.28571428571429,2.75,4.28571428571429,3.16666666666667,3.32258064516129
4.75,4.85714285714286,4.5,5,5,4.90322580645161
4.75,2.57142857142857,4.75,4.71428571428571,3.66666666666667,4.03225806451613
4.875,3,3,5,3.66666666666667,4
3.25,2.85714285714286,4,4.14285714285714,2.66666666666667,3.35483870967742
3.5,2.42857142857143,2.75,3.28571428571429,3.66666666666667,3.19354838709677
1.5,2.42857142857143,3,3.28571428571429,2.66666666666667,2.54838709677419
3.25,2,2.75,3.71428571428571,3.33333333333333,3.06451612903226
3.625,3.71428571428571,3.25,3,2.83333333333333,3.29032258064516
2.75,2.71428571428571,2.25,3,3.33333333333333,2.87096774193548
3.125,2.28571428571429,2,3.57142857142857,3.16666666666667,2.93548387096774
2.875,2.57142857142857,3.75,3.57142857142857,3.5,3.2258064516129
4,4.14285714285714,2.75,4.57142857142857,3.83333333333333,4
4.875,4.42857142857143,3.75,4.71428571428571,4.16666666666667,4.45161290322581
3.75,1.85714285714286,3.75,4.57142857142857,2.66666666666667,3.29032258064516
3.125,2.85714285714286,1.75,4.14285714285714,3.83333333333333,3.2258064516129
3.5,3,3,3.71428571428571,3.16666666666667,3.32258064516129
3.625,3.42857142857143,3,4.14285714285714,3.5,3.58064516129032
2.625,2.85714285714286,3.25,3.85714285714286,3.33333333333333,3.19354838709677
2.875,2.57142857142857,2.75,4.85714285714286,3.16666666666667,3.29032258064516
4.25,1.28571428571429,2,4,2.83333333333333,2.96774193548387
2.875,4.42857142857143,4.25,4.42857142857143,4.33333333333333,4.06451612903226
3.875,3.14285714285714,4,4.42857142857143,3.33333333333333,3.7741935483871
4.625,3.14285714285714,3.5,4.85714285714286,3.83333333333333,4.03225806451613
4.5,5,3,5,3.66666666666667,4.35483870967742
3.75,2.71428571428571,2.75,4,2.83333333333333,3.32258064516129
4.375,3.57142857142857,3,4.42857142857143,3,3.7741935483871
4.5,4.71428571428571,4.5,4.71428571428571,4.33333333333333,4.54838709677419
3.625,3.57142857142857,3.25,3.42857142857143,2.83333333333333,3.38709677419355
4.125,2.85714285714286,2.75,4.71428571428571,4.33333333333333,3.83870967741935
4,3.85714285714286,2.25,4,4.16666666666667,3.7741935483871
2.25,1.57142857142857,4,4.42857142857143,2,2.80645161290323
3.875,4,2.75,4.57142857142857,3.66666666666667,3.87096774193548
3.875,2.85714285714286,4.75,4.85714285714286,2.33333333333333,3.67741935483871
2.625,3.85714285714286,1,3.42857142857143,2.33333333333333,2.87096774193548
2.75,2.28571428571429,3,4,2.83333333333333,2.96774193548387
4.75,1.57142857142857,2.5,4,2.5,3.12903225806452
3.75,2.57142857142857,3.5,3.71428571428571,2.5,3.19354838709677
4.875,5,5,5,3.83333333333333,4.74193548387097
3.75,4.14285714285714,3.25,4,3.33333333333333,3.74193548387097
3.875,3.28571428571429,3.25,4.28571428571429,4.33333333333333,3.87096774193548
4.25,3.57142857142857,4.25,4.85714285714286,3.83333333333333,4.16129032258065
4.375,3,3.75,4,3.33333333333333,3.70967741935484
3.375,3.42857142857143,3.5,3.71428571428571,2.66666666666667,3.35483870967742
4.25,2.71428571428571,3.75,3.85714285714286,3,3.51612903225806
2.125,3,1.25,4.57142857142857,2,2.74193548387097
4,3.57142857142857,3.25,3.85714285714286,3.83333333333333,3.74193548387097
2,1.14285714285714,1.5,5,4.16666666666667,2.87096774193548
4.125,3.85714285714286,4.25,4.28571428571429,3.66666666666667,4.03225806451613
3.375,4,3.75,4.42857142857143,4,3.93548387096774
3.375,4.71428571428571,3,4,3.66666666666667,3.83870967741935
2.75,2.85714285714286,2.75,4.85714285714286,3.16666666666667,3.35483870967742
1,2.42857142857143,1.5,3.57142857142857,2.5,2.25806451612903
4.25,2.85714285714286,4,5,4.16666666666667,4.03225806451613
3,2.42857142857143,2.75,3.42857142857143,3.33333333333333,3
3.75,2.28571428571429,2.5,3,4,3.16129032258065
2.75,2.85714285714286,3,3.71428571428571,3.33333333333333,3.12903225806452
3.25,3.57142857142857,3.75,3.71428571428571,3.33333333333333,3.51612903225806
2.625,1.71428571428571,2.75,3.71428571428571,4.16666666666667,2.96774193548387
3.5,4,3,4.42857142857143,2.33333333333333,3.54838709677419
3.875,3.71428571428571,2.25,4.57142857142857,4,3.83870967741935
3.625,4.14285714285714,2.75,4.14285714285714,3.66666666666667,3.74193548387097
3.625,3.85714285714286,3.25,3.85714285714286,2.83333333333333,3.54838709677419
3.625,4.14285714285714,3.5,4.85714285714286,4,4.09677419354839
3.375,2.85714285714286,2.5,2.85714285714286,2.5,2.87096774193548
3.75,4.14285714285714,3.25,5,4.33333333333333,4.16129032258065
3,3.28571428571429,3,4.57142857142857,3,3.45161290322581
4.375,4,3,4.71428571428571,3.5,4.03225806451613
3.75,1.14285714285714,2.5,2.71428571428571,2.83333333333333,2.61290322580645
3.75,3.85714285714286,3.5,3.85714285714286,3.33333333333333,3.70967741935484
4.75,3.14285714285714,3.5,3.57142857142857,2.5,3.51612903225806
3.25,2.71428571428571,4,4.14285714285714,3.16666666666667,3.45161290322581
4.5,1.71428571428571,3.75,3.57142857142857,2.83333333333333,3.35483870967742
3.25,4.28571428571429,2.75,3.71428571428571,3.83333333333333,3.67741935483871
4.5,4,4.25,4.71428571428571,4,4.32258064516129
5,3.14285714285714,5,5,3,4.19354838709677
3,2.85714285714286,3.5,3,2.5,2.93548387096774
3.875,3.71428571428571,4.25,4.71428571428571,3.83333333333333,4.03225806451613
3.625,3.28571428571429,2.25,4,2.5,3.2258064516129
3.75,3.28571428571429,3.25,2.71428571428571,3.83333333333333,3.32258064516129
3.375,3,2.75,4.28571428571429,3,3.35483870967742
2.875,1.85714285714286,1.25,4,2.83333333333333,2.70967741935484
2.875,3.14285714285714,3.5,4.57142857142857,2.66666666666667,3.38709677419355
4.75,2.57142857142857,3,5,3.33333333333333,3.83870967741935
3.75,4,3.5,3.42857142857143,3.16666666666667,3.61290322580645
4,2.71428571428571,3.25,4,4.66666666666667,3.7741935483871
4,3.42857142857143,3.75,3.28571428571429,2.16666666666667,3.35483870967742
4.25,3.85714285714286,3.25,3.85714285714286,3.5,3.80645161290323
2.875,4,2.75,3.71428571428571,2.5,3.25806451612903
3.5,4,4.5,4,3,3.7741935483871
4.625,3.14285714285714,4.25,4.42857142857143,3.16666666666667,3.90322580645161
4.25,2.57142857142857,3,4,1.83333333333333,3.2258064516129
2.625,2.28571428571429,3.25,3.57142857142857,2.5,2.80645161290323
4,3.14285714285714,3.75,3.85714285714286,4,3.74193548387097
4,3.42857142857143,3.75,4.28571428571429,3.83333333333333,3.87096774193548
5,4.71428571428571,5,4.85714285714286,4.16666666666667,4.74193548387097
4.75,4.28571428571429,5,5,3.5,4.48387096774194
4.75,4.42857142857143,3.5,4.42857142857143,3.5,4.19354838709677
4.25,3,3.25,4.42857142857143,3.5,3.7741935483871
3.25,3,2.75,4.71428571428571,3.16666666666667,3.45161290322581
4,3,4.25,3.85714285714286,3.16666666666667,3.64516129032258
3.25,3,3.5,4,3.5,3.45161290322581
4.125,1.28571428571429,1,2.42857142857143,2.5,2.48387096774194
3.375,3,2.75,4.14285714285714,3.83333333333333,3.51612903225806
3.875,4.14285714285714,3.5,4.28571428571429,3.83333333333333,4
4,2.85714285714286,4,4.14285714285714,3,3.58064516129032
3.875,3.28571428571429,3.75,3.85714285714286,2.66666666666667,3.51612903225806
3.75,2.42857142857143,4,3.42857142857143,3.16666666666667,3.29032258064516
3.25,2.85714285714286,3.25,3.71428571428571,3.33333333333333,3.29032258064516
5,4.71428571428571,5,5,4.5,4.83870967741935
4,4.85714285714286,4.5,4.71428571428571,4.16666666666667,4.45161290322581
4.75,2.71428571428571,4,4.28571428571429,3.5,3.90322580645161
3.5,4,3.75,3.85714285714286,3.33333333333333,3.70967741935484
3.625,3.14285714285714,2.5,4.71428571428571,4.5,3.80645161290323
4.25,4.57142857142857,3.5,3.85714285714286,4,4.09677419354839
4.125,5,4.25,4.71428571428571,4.16666666666667,4.45161290322581
2.875,2.57142857142857,3.25,3.85714285714286,3.16666666666667,3.12903225806452
2.625,1,2.25,3,1.83333333333333,2.16129032258065
3.75,2.28571428571429,2,4.42857142857143,1.83333333333333,3.03225806451613
1.625,3.71428571428571,1,3.28571428571429,3.5,2.7741935483871
4.375,3.28571428571429,3.75,4.71428571428571,4.16666666666667,4.06451612903226
4.75,4.57142857142857,3.75,4.42857142857143,3.83333333333333,4.35483870967742
3.5,2.28571428571429,3.5,4.28571428571429,3.83333333333333,3.48387096774194
2.625,3.71428571428571,2,4.42857142857143,3.83333333333333,3.48387096774194
2,1.28571428571429,2.75,2.85714285714286,1.66666666666667,2.09677419354839
4.5,1.57142857142857,3.25,3.42857142857143,3.5,3.2258064516129
3.375,2.42857142857143,2.25,4.28571428571429,3.16666666666667,3.19354838709677
4.5,1.14285714285714,2.5,4.42857142857143,3.33333333333333,3.29032258064516
3.875,2.14285714285714,2.5,3.71428571428571,2.33333333333333,2.96774193548387
4,3.57142857142857,2,4.57142857142857,4.66666666666667,3.93548387096774
5,4.14285714285714,4,4.71428571428571,2.66666666666667,4.16129032258065
3.875,3.57142857142857,2.25,4.14285714285714,3.83333333333333,3.67741935483871
2.375,1.85714285714286,1.25,4.57142857142857,4,2.96774193548387
3.125,3.71428571428571,2.5,3.85714285714286,4.33333333333333,3.61290322580645
2.875,3,1.5,3.85714285714286,4,3.19354838709677
2.75,2.28571428571429,2.5,3.71428571428571,3.16666666666667,2.90322580645161
3.875,3.14285714285714,4,3,3.16666666666667,3.38709677419355
5,1.57142857142857,2.5,4.71428571428571,1.83333333333333,3.2258064516129
4.125,2.85714285714286,4.5,4.28571428571429,3.66666666666667,3.87096774193548
4.75,1.42857142857143,3.25,3.85714285714286,2.5,3.19354838709677
3.5,1.57142857142857,1.25,4.42857142857143,2.16666666666667,2.7741935483871
4.875,4.71428571428571,5,4.85714285714286,4.66666666666667,4.80645161290323
4.125,4.14285714285714,3,4.57142857142857,4,4.06451612903226
1.5,2.28571428571429,2.25,3.14285714285714,3.5,2.54838709677419
3.125,2.85714285714286,3.5,3.85714285714286,3.33333333333333,3.29032258064516
3.75,2.57142857142857,4.25,3.28571428571429,3,3.29032258064516
4.75,4.14285714285714,4,4.57142857142857,4.16666666666667,4.35483870967742
3.875,3.28571428571429,3.25,4.71428571428571,2.83333333333333,3.70967741935484
4.25,3.42857142857143,3.25,4.85714285714286,3.66666666666667,4.03225806451613
4.25,2.71428571428571,2.75,4.42857142857143,3.16666666666667,3.51612903225806
3,3.85714285714286,1,5,3.66666666666667,3.58064516129032
3.875,2.85714285714286,3,4.57142857142857,3.16666666666667,3.51612903225806
5,1.71428571428571,3,4.57142857142857,3.66666666666667,3.64516129032258
3.25,2.28571428571429,3,4,3,3.12903225806452
4,3.42857142857143,4.5,5,3.33333333333333,4
4,3.57142857142857,4,4.14285714285714,2.83333333333333,3.74193548387097
4,3.71428571428571,2,4,1.5,3.2258064516129
4.625,2.28571428571429,2,4.85714285714286,3.66666666666667,3.61290322580645
3.125,4,4.5,3.85714285714286,3.5,3.74193548387097
4.5,3.85714285714286,4,4.85714285714286,4.16666666666667,4.32258064516129
3.375,3.14285714285714,2.75,3.14285714285714,3.16666666666667,3.09677419354839
2.875,3.14285714285714,4,4,3.16666666666667,3.41935483870968
3.75,4.71428571428571,3.25,4,4.16666666666667,4.09677419354839
1.5,1.57142857142857,2.75,3.85714285714286,2.33333333333333,2.38709677419355
3.75,3.71428571428571,2,4.28571428571429,3.16666666666667,3.54838709677419
5,4.42857142857143,5,5,3.83333333333333,4.64516129032258
2.5,3.14285714285714,4.25,4,3.83333333333333,3.48387096774194
4.5,3.85714285714286,3.25,3.85714285714286,4.33333333333333,4
4.375,3.42857142857143,3,4.57142857142857,4,3.96774193548387
3.875,2.71428571428571,3.25,4.28571428571429,3.66666666666667,3.64516129032258
4.5,2.42857142857143,4,4.42857142857143,3.66666666666667,3.80645161290323
4.125,3,4,4,3,3.61290322580645
2.5,3.28571428571429,2,5,4.33333333333333,3.45161290322581
4,3.85714285714286,3,4.85714285714286,3,3.87096774193548
3.875,3.28571428571429,4.25,4,3.33333333333333,3.70967741935484
4,3.42857142857143,3.25,4.71428571428571,2.66666666666667,3.67741935483871
3.875,3.42857142857143,3.75,4,3.33333333333333,3.67741935483871
2.75,3.57142857142857,2.75,4.14285714285714,3.5,3.41935483870968
4.375,3.71428571428571,3.25,4.28571428571429,2.66666666666667,3.70967741935484
3.25,2.28571428571429,4.5,4.71428571428571,2.16666666666667,3.32258064516129
4.875,3.57142857142857,3.25,4.71428571428571,3.66666666666667,4.12903225806452
4.75,4.28571428571429,4.25,4.14285714285714,3.66666666666667,4.2258064516129
4.125,4.71428571428571,4,4.71428571428571,4.66666666666667,4.51612903225806
3.25,3,3.75,3.57142857142857,3.83333333333333,3.45161290322581
4.125,2.85714285714286,2.5,3.71428571428571,3.16666666666667,3.35483870967742
3.875,3.85714285714286,4.5,4.57142857142857,3.16666666666667,3.96774193548387
3.5,3.71428571428571,3,3.71428571428571,3,3.45161290322581
4.375,2.57142857142857,4,3.85714285714286,3,3.51612903225806
3.125,4.14285714285714,4.5,4.71428571428571,3,3.83870967741935
2.625,2.42857142857143,2,3.28571428571429,3.5,2.80645161290323
4,2.57142857142857,4,4.28571428571429,2.33333333333333,3.45161290322581
2.875,2.42857142857143,3.75,4.14285714285714,2.83333333333333,3.16129032258065
4.875,3.85714285714286,4.5,4.42857142857143,4.66666666666667,4.48387096774194
4.5,3,3.5,5,3.83333333333333,4.03225806451613
5,4.42857142857143,5,5,5,4.87096774193548
1.375,4,2,4.14285714285714,2.5,2.90322580645161
3.125,3.85714285714286,2.75,3.28571428571429,3.66666666666667,3.35483870967742
4,3.85714285714286,2,4.71428571428571,3.83333333333333,3.87096774193548
4.375,3.14285714285714,3.75,4.71428571428571,3.16666666666667,3.90322580645161
3.375,1.71428571428571,2.75,3.85714285714286,2.33333333333333,2.80645161290323
2.125,2.85714285714286,2.25,4,3,2.90322580645161
4,4.28571428571429,4,4.28571428571429,4,4.12903225806452
4.75,2.14285714285714,5,5,3.5,4
3.25,2.85714285714286,4.25,3.71428571428571,3.5,3.45161290322581
2.875,2.14285714285714,2.5,3.28571428571429,2.83333333333333,2.74193548387097
3.875,3.14285714285714,2.5,4,3.5,3.51612903225806
3.125,2.42857142857143,1.75,2.71428571428571,2.16666666666667,2.54838709677419
3.125,3.28571428571429,2.25,2.85714285714286,3.5,3.06451612903226
3.375,4,3.75,4,3.5,3.74193548387097
2.875,2,2.25,3.85714285714286,3.33333333333333,2.93548387096774
3.75,2.57142857142857,2.25,5,3.16666666666667,3.48387096774194
4.625,4.28571428571429,3.25,4.42857142857143,4.66666666666667,4.32258064516129
3.875,4.14285714285714,2.5,3.71428571428571,2.33333333333333,3.45161290322581
4.375,4.14285714285714,4.5,4.85714285714286,4.16666666666667,4.38709677419355
